0|/offset_10240/UEFI        (Volume Label Entry)|3|r/rrwxrwxrwx|0|0|0|1765839600|1765878742|0|1765878742
0|/offset_10240/EFI|4|d/drwxrwxrwx|0|0|512|1765839600|1765878750|0|1765878743
0|/offset_10240/EFI/BOOT|21|d/drwxrwxrwx|0|0|512|1765839600|1765878750|0|1765878743
0|/offset_10240/EFI/BOOT/BOOTX64.EFI|37|r/rrwxrwxrwx|0|0|966664|1768431600|1765878750|0|1765878751
0|/offset_10240/EFI/BOOT/fbx64.efi|39|r/rrwxrwxrwx|0|0|88344|1768431600|1765878750|0|1765878751
0|/offset_10240/EFI/BOOT/mmx64.efi|41|r/rrwxrwxrwx|0|0|856280|1768431600|1765878750|0|1765878751
0|/offset_10240/EFI/ubuntu|23|d/drwxrwxrwx|0|0|512|1765839600|1765878750|0|1765878750
0|/offset_10240/EFI/ubuntu/grubx64.efi|54|r/rrwxrwxrwx|0|0|2602888|1768431600|1765878750|0|1765878751
0|/offset_10240/EFI/ubuntu/shimx64.efi|56|r/rrwxrwxrwx|0|0|966664|1768431600|1765878750|0|1765878751
0|/offset_10240/EFI/ubuntu/mmx64.efi|58|r/rrwxrwxrwx|0|0|856280|1768431600|1765878750|0|1765878751
0|/offset_10240/EFI/ubuntu/BOOTX64.CSV|59|r/rrwxrwxrwx|0|0|108|1768431600|1765878750|0|1765878751
0|/offset_10240/EFI/ubuntu/grub.cfg|61|r/rrwxrwxrwx|0|0|117|1768431600|1765878750|0|1765878751
0|/offset_10240/$MBR|3418611|v/v---------|0|0|512|0|0|0|0
0|/offset_10240/$FAT1|3418612|v/v---------|0|0|855040|0|0|0|0
0|/offset_10240/$FAT2|3418613|v/v---------|0|0|855040|0|0|0|0
0|/offset_10240/$OrphanFiles|3418614|V/V---------|0|0|0|0|0|0|0
